111111131	Name_Calling,Labeling	398	413
111111131	Name_Calling,Labeling	1978	1993
111111131	Flag-Waving	5905	5917
111111131	Loaded_Language	4225	4231
111111131	Flag-Waving	5939	5951
111111131	Black-and-White_Fallacy	1031	1068
111111131	Loaded_Language	84	97
111111131	Loaded_Language	102	109
111111131	Loaded_Language	180	190
111111131	Loaded_Language	207	214
111111131	Loaded_Language	326	336
111111131	Loaded_Language	352	365
111111131	Name_Calling,Labeling	382	395
111111131	Loaded_Language	723	731
111111131	Exaggeration,Minimisation	804	811
111111131	Name_Calling,Labeling	823	866
111111131	Loaded_Language	1191	1201
111111131	Loaded_Language	2661	2672
111111131	Loaded_Language	2729	2740
111111131	Loaded_Language	2913	2924
111111131	Loaded_Language	2898	2909
111111131	Loaded_Language	3397	3417
111111131	Loaded_Language	3438	3446
111111131	Loaded_Language	3739	3749
111111131	Loaded_Language	4009	4015
111111131	Repetition	4031	4039
111111131	Repetition	5282	5290
111111131	Name_Calling,Labeling	4153	4170
111111131	Loaded_Language	4257	4265
111111131	Repetition	4340	4353
111111131	Repetition	4532	4547
111111131	Loaded_Language	4636	4644
111111131	Loaded_Language	4753	4769
111111131	Loaded_Language	4883	4900
111111131	Loaded_Language	5175	5187
111111131	Exaggeration,Minimisation	5245	5263
111111131	Exaggeration,Minimisation	5370	5379
111111131	Name_Calling,Labeling	6921	6938
111111131	Exaggeration,Minimisation	6958	6972
111111131	Name_Calling,Labeling	7315	7325
111111131	Repetition	7701	7709
111111131	Slogans	2954	2998
111111131	Repetition	5939	5951
