111111122	Exaggeration,Minimisation	170	206
111111122	Exaggeration,Minimisation	3490	3521
111111122	Name_Calling,Labeling	5029	5062
111111122	Loaded_Language	5952	5983
111111122	Loaded_Language	5133	5143
111111122	Name_Calling,Labeling	903	921
111111122	Loaded_Language	24	49
111111122	Doubt	449	478
111111122	Doubt	889	957
111111122	Doubt	3414	3441
111111122	Doubt	1476	1523
111111122	Doubt	3993	4049
111111122	Appeal_to_Authority	5531	5655
111111122	Loaded_Language	5780	5800
111111122	Loaded_Language	1637	1657
111111122	Causal_Oversimplification	5842	5923
111111122	Name_Calling,Labeling	6841	6870
111111122	Loaded_Language	343	357
111111122	Loaded_Language	3211	3225
111111122	Loaded_Language	4451	4471
111111122	Loaded_Language	6443	6454
